100.5 30.0 506.8 115.5 246.2 167.2 44 20 17
103.2 19.2 502.5 110.0 230.0 171.0 44 22 16
101.0 29.8 508.2 116.5 249.0 167.2 44 21 15
104.2 28.2 500.8 108.5 231.0 171.2 44 26 15
99.0 19.0 506.0 110.2 230.5 171.0 44 21 15
97.8 16.2 506.2 109.2 230.0 172.0 43 20 14
102.0 16.5 504.8 110.0 231.5 173.0 43 21 13
104.0 16.0 504.8 111.0 232.0 171.5 42 20 13
106.0 24.0 500.0 110.2 232.2 170.0 44 24 13
105.0 29.0 506.0 116.0 246.0 167.5 47 22 16
106.0 29.8 505.2 105.8 243.8 166.0 42 23 15
100.5 30.0 506.8 115.5 246.2 167.2 44 20 17
102.0 23.5 501.2 109.0 231.0 170.5 44 23 14
108.0 20.0 501.0 109.5 228.2 171.0 44 24 14
104.2 28.2 500.8 108.5 231.0 171.2 44 26 15
97.0 28.0 510.0 105.2 228.8 166.0 41 19 15
102.0 17.0 499.0 107.5 227.2 169.0 45 22 14
107.0 19.8 510.5 113.5 238.2 169.5 44 17 18
103.8 13.0 508.2 109.2 232.0 169.8 43 23 16
104.8 15.2 499.2 109.5 227.5 172.5 46 22 14
102.0 16.5 504.8 110.0 231.5 173.0 43 21 13
106.0 29.8 505.2 105.8 243.8 166.0 40 21 13
106.0 29.8 505.2 105.8 243.8 166.0 41 22 14
103.2 19.2 502.5 110.0 230.0 171.0 43 21 15
99.0 19.0 506.0 110.2 230.5 171.0 44 21 15
103.8 28.8 508.8 105.5 240.8 166.0 38 25 15
102.0 23.5 501.2 109.0 231.0 170.5 43 22 13
97.5 28.0 507.0 105.8 231.2 165.5 40 25 15
103.5 18.5 498.8 109.5 231.2 169.8 45 22 13
106.0 29.8 505.2 105.8 243.8 166.0 41 22 14
97.8 16.2 506.2 109.2 230.0 172.0 43 20 14
103.5 18.5 498.8 109.5 231.2 169.8 45 22 13
104.0 16.0 504.8 111.0 232.0 171.5 43 21 14
104.0 22.0 500.5 109.0 228.8 171.2 46 23 13
97.5 28.0 507.0 105.8 231.2 165.5 39 24 14
102.0 17.0 499.0 107.5 227.2 169.0 44 21 13
104.2 28.2 500.8 108.5 231.0 171.2 42 24 13
103.5 29.0 508.8 114.0 243.8 166.0 42 22 15
103.0 19.5 497.8 110.5 230.2 171.0 46 24 14
104.0 30.0 507.2 117.2 246.5 167.2 47 21 16
108.0 20.0 501.0 109.5 228.2 171.0 43 23 13
105.2 24.0 500.0 110.2 231.5 169.8 45 25 14
109.2 18.2 501.0 110.5 231.2 171.5 41 19 12
104.0 16.0 504.8 111.0 232.0 171.5 43 21 14
103.2 28.2 510.0 105.0 242.8 171.0 40 24 16
101.2 25.2 509.0 113.0 246.5 166.0 43 23 15
102.0 16.5 504.8 110.0 231.5 173.0 44 22 14
103.8 13.0 508.2 109.2 232.0 169.8 41 21 14
99.5 16.2 504.8 108.5 229.8 171.0 42 21 14
107.0 19.8 510.5 113.5 238.2 169.5 44 17 18
103.8 29.8 508.2 116.8 248.8 165.8 44 23 14
109.2 18.2 501.0 110.5 231.2 171.5 42 20 13
103.5 29.0 508.8 114.0 243.8 166.0 43 23 16
103.2 28.2 510.0 105.0 242.8 171.0 40 24 16
104.0 22.0 500.5 109.0 228.8 171.2 46 23 13
104.8 15.2 499.2 109.5 227.5 172.5 44 20 12
103.8 28.8 508.8 105.5 240.8 166.0 38 25 15
103.2 19.2 502.5 110.0 230.0 171.0 43 21 15
102.8 30.8 508.2 106.0 243.5 166.0 43 27 16
97.8 16.2 506.2 109.2 230.0 172.0 43 20 14
103.2 19.2 502.5 110.0 230.0 171.0 43 21 15
110.0 19.0 498.2 111.8 232.0 172.5 44 22 12
105.0 29.0 506.0 116.0 246.0 167.5 46 21 15
103.8 28.8 508.8 105.5 240.8 166.0 37 24 14
103.5 18.5 498.8 109.5 231.2 169.8 46 23 14
100.5 30.0 506.8 115.5 246.2 167.2 44 20 17
101.0 30.0 509.0 115.8 244.8 167.0 44 22 14
103.0 19.5 497.8 110.5 230.2 171.0 45 23 13
106.0 29.8 505.2 105.8 243.8 166.0 42 23 15
109.0 20.8 500.0 110.5 230.5 171.2 43 23 13
109.2 18.2 501.0 110.5 231.2 171.5 42 20 13
103.2 28.2 510.0 105.0 242.8 171.0 41 25 17
104.8 15.2 499.2 109.5 227.5 172.5 45 21 13
103.8 13.0 508.2 109.2 232.0 169.8 43 23 16
103.8 29.8 508.2 116.8 248.8 165.8 43 22 13
103.8 28.8 508.8 105.5 240.8 166.0 37 24 14
105.5 20.8 504.0 110.8 231.0 171.2 44 22 14
99.0 19.0 506.0 110.2 230.5 171.0 43 20 14
101.0 29.8 508.2 116.5 249.0 167.2 44 21 15
103.2 28.2 510.0 105.0 242.8 171.0 39 23 15
97.0 28.0 510.0 105.2 228.8 166.0 41 19 15
103.8 28.8 506.2 116.5 248.0 167.0 43 21 14
104.8 15.2 499.2 109.5 227.5 172.5 45 21 13
99.0 19.0 506.0 110.2 230.5 171.0 43 20 14
103.8 28.8 508.8 105.5 240.8 166.0 37 24 14
103.2 28.2 510.0 105.0 242.8 171.0 40 24 16
103.5 18.5 498.8 109.5 231.2 169.8 45 22 13
103.5 18.5 498.8 109.5 231.2 169.8 46 23 14
102.0 17.0 499.0 107.5 227.2 169.0 44 21 13
106.0 24.0 500.0 110.2 232.2 170.0 43 23 12
102.8 30.8 508.2 106.0 243.5 166.0 43 27 16
106.0 29.8 505.2 105.8 243.8 166.0 42 23 15
103.8 28.8 506.2 116.5 248.0 167.0 44 22 15
97.0 28.0 510.0 105.2 228.8 166.0 41 19 15
104.2 28.2 500.8 108.5 231.0 171.2 44 26 15
109.0 20.8 500.0 110.5 230.5 171.2 42 22 12
101.0 29.8 508.2 116.5 249.0 167.2 45 22 16
103.5 27.0 510.5 104.5 243.5 171.0 40 23 17
103.0 19.5 497.8 110.5 230.2 171.0 44 22 12
108.0 20.0 501.0 109.5 228.2 171.0 44 24 14
102.0 17.0 499.0 107.5 227.2 169.0 45 22 14
109.2 18.2 501.0 110.5 231.2 171.5 42 20 13
109.2 18.2 501.0 110.5 231.2 171.5 41 19 12
101.0 29.8 508.2 116.5 249.0 167.2 46 23 17